训练集2的最大准确值：75.0,79.6875,73.4375,73.95832824707031,74.30555725097656,76.04167175292969,73.62753295898438,81.25,80.20832824707031,75.0,76.78571319580078,77.23213958740234,85.9375,79.6875,78.75,87.5,81.25,90.625,87.5,82.03125,80.625,78.125,84.375,78.90625,81.25,80.20832824707031,76.33928680419922,85.41667175292969,76.7628173828125,78.125,78.125,76.82292175292969,78.50961303710938,76.5625,81.875,76.77191162109375,84.375,78.49264526367188,87.5,79.16667175292969,82.03125,77.05811309814453,81.25,79.16667175292969,90.625,79.6875,84.375,81.25,83.33332824707031,80.078125
训练集准确率2的平均值：80.1401025390625

训练集2的最小损失：0.1232217401266098 , 0.12092264741659164 , 0.1190219298005104 , 0.11780216544866562 , 0.1168007180094719 , 0.11585406213998795 , 0.11532860994338989 , 0.11422204971313477 , 0.11359293013811111 , 0.11254113167524338 , 0.11220646649599075 , 0.11188022792339325 , 0.11178489774465561 , 0.11075450479984283 , 0.11038604378700256 , 0.11031141877174377 , 0.10984647274017334 , 0.1092480793595314 , 0.1088857650756836 , 0.10844483971595764 , 0.10844483971595764 , 0.10784697532653809 , 0.10752276331186295 , 0.10752083361148834 , 0.10706035792827606 , 0.10678594559431076 , 0.10651558637619019 , 0.10643397271633148 , 0.10643397271633148 , 0.10552255064249039 , 0.10537208616733551 , 0.1049780324101448 , 0.1049780324101448 , 0.10457529127597809 , 0.10439030081033707 , 0.10439030081033707 , 0.10439030081033707 , 0.10424608737230301 , 0.10383721441030502 , 0.10338316857814789 , 0.10317836701869965 , 0.10317836701869965 , 0.10307642817497253 , 0.1028972938656807 , 0.10286340117454529 , 0.10259690880775452 , 0.10178831219673157 , 0.10178831219673157 , 0.10178831219673157 , 0.10154333710670471
训练集损失2的平均值：0.10824768707156181

测试集2的准确率：61.48227310180664 , 60.6739387512207 , 62.20296096801758 , 62.1834831237793 , 59.768211364746094 , 62.08609390258789 , 61.04401779174805 , 60.72262954711914 , 58.82353210449219 , 57.84962844848633 , 61.56018829345703 , 57.0997314453125 , 56.67121505737305 , 57.089988708496094 , 56.6906852722168 , 57.976234436035156 , 58.404754638671875 , 57.284767150878906 , 57.05103302001953 , 58.65796661376953 , 56.90494918823242 , 54.83053970336914 , 55.638877868652344 , 55.75574493408203 , 56.739383697509766 , 56.91468811035156 , 56.593299865722656 , 56.593299865722656 , 54.29489517211914 , 55.492794036865234 , 55.05453872680664 , 56.37904357910156 , 54.197509765625 , 55.79470443725586 , 54.09038162231445 , 53.44760513305664 , 54.43124008178711 , 54.31437683105469 , 54.61628341674805 , 54.47019958496094 , 54.61628341674805 , 53.973506927490234 , 54.49941635131836 , 54.96688461303711 , 53.02882766723633 , 53.827423095703125 , 53.350215911865234 , 52.580833435058594 , 53.145694732666016 , 55.91157150268555
测试集损失2的平均值：56.63556694030762

测试集2的损失：0.13323669135570526 , 0.1351000964641571 , 0.1328122615814209 , 0.1349002867937088 , 0.13977600634098053 , 0.13574689626693726 , 0.13800251483917236 , 0.13956084847450256 , 0.14275449514389038 , 0.144679993391037 , 0.13873064517974854 , 0.14775779843330383 , 0.14761067926883698 , 0.14817574620246887 , 0.14954541623592377 , 0.1482769399881363 , 0.1478242725133896 , 0.1503666192293167 , 0.15106503665447235 , 0.14941571652889252 , 0.15218095481395721 , 0.15613704919815063 , 0.15510553121566772 , 0.15472005307674408 , 0.1535804718732834 , 0.15355895459651947 , 0.15477390587329865 , 0.15542960166931152 , 0.15887123346328735 , 0.15760275721549988 , 0.15803083777427673 , 0.15618979930877686 , 0.1603803038597107 , 0.15767526626586914 , 0.16025136411190033 , 0.16079086065292358 , 0.16024227440357208 , 0.16035503149032593 , 0.1612101048231125 , 0.16045348346233368 , 0.15970715880393982 , 0.16075734794139862 , 0.16042567789554596 , 0.16058968007564545 , 0.16379334032535553 , 0.16245117783546448 , 0.16398362815380096 , 0.16517598927021027 , 0.16426478326320648 , 0.16162435710430145
测试集损失2的平均值：0.15251303881406783
