训练集3的最大准确值：78.125,76.04167175292969,78.125,87.5,78.125,77.69230651855469,82.8125,81.25,84.375,81.25,82.03125,80.125,88.54167175292969,90.625,87.5,82.5,82.8125,78.125,81.25,86.45832824707031,82.8125,87.5,80.0,81.69642639160156,78.69318389892578,79.01786041259766,82.95454406738281,91.66667175292969,79.57588958740234,84.375,87.5,81.875,81.25,80.80357360839844,80.80357360839844,87.5,79.16667175292969,79.6875,79.6875,81.25,78.4432144165039,79.97047424316406,84.375,80.14705657958984,87.5,82.8125,81.25,82.29167175292969,84.375,80.52884674072266
训练集准确率3的平均值：82.29549774169922

训练集3的最小损失：0.1102370098233223 , 0.10877934098243713 , 0.10770796984434128 , 0.10699360072612762 , 0.10624337941408157 , 0.10536877065896988 , 0.10517916828393936 , 0.1044372022151947 , 0.1044372022151947 , 0.10432805120944977 , 0.10394857078790665 , 0.10387800633907318 , 0.10341237485408783 , 0.10329388827085495 , 0.10300518572330475 , 0.10243263095617294 , 0.10230720788240433 , 0.10214382410049438 , 0.10201773792505264 , 0.10172287374734879 , 0.10160314291715622 , 0.10160314291715622 , 0.10152380913496017 , 0.10102025419473648 , 0.10102025419473648 , 0.10057533532381058 , 0.10037810355424881 , 0.10037810355424881 , 0.10031944513320923 , 0.1003129705786705 , 0.1003129705786705 , 0.09979312866926193 , 0.09979312866926193 , 0.09945961087942123 , 0.09945961087942123 , 0.09945961087942123 , 0.0990724265575409 , 0.0990724265575409 , 0.09900660812854767 , 0.09900660812854767 , 0.09900660812854767 , 0.09880471974611282 , 0.09812261909246445 , 0.09812261909246445 , 0.09812261909246445 , 0.09812261909246445 , 0.09812261909246445 , 0.09784960746765137 , 0.09784960746765137 , 0.0970824807882309
训练集损失3的平均值：0.10152501612901688

测试集3的准确率：70.19866943359375 , 65.85508728027344 , 67.0432357788086 , 68.65017700195312 , 66.7413330078125 , 66.49785614013672 , 67.17958068847656 , 64.19945526123047 , 63.975460052490234 , 65.2220458984375 , 65.04674530029297 , 66.85820007324219 , 65.71874237060547 , 65.59212493896484 , 63.70276641845703 , 64.19945526123047 , 64.92013549804688 , 63.839115142822266 , 64.45266723632812 , 63.05025100708008 , 64.79353332519531 , 63.157379150390625 , 63.147640228271484 , 60.21620559692383 , 63.53720474243164 , 59.719512939453125 , 60.274635314941406 , 61.4725341796875 , 60.927154541015625 , 62.12504959106445 , 60.59602355957031 , 62.10557174682617 , 60.28437805175781 , 59.93377685546875 , 62.29060745239258 , 60.02142333984375 , 58.78457260131836 , 60.69342041015625 , 59.18387222290039 , 60.89793395996094 , 58.940399169921875 , 61.65757751464844 , 58.804054260253906 , 61.34592819213867 , 61.25828170776367 , 58.5313606262207 , 60.712890625 , 61.67705535888672 , 61.082977294921875 , 60.63498306274414
测试集损失3的平均值：62.83502082824707

测试集3的损失：0.1143590435385704 , 0.12186820060014725 , 0.1198962852358818 , 0.11901380866765976 , 0.12393663823604584 , 0.12382262200117111 , 0.12193441390991211 , 0.1279534101486206 , 0.12925414741039276 , 0.12768681347370148 , 0.12841889262199402 , 0.12580080330371857 , 0.12824901938438416 , 0.1279120147228241 , 0.13283036649227142 , 0.13223876059055328 , 0.1304430514574051 , 0.13293811678886414 , 0.13133172690868378 , 0.1346992701292038 , 0.13268877565860748 , 0.13597945868968964 , 0.13548466563224792 , 0.13954883813858032 , 0.1353929340839386 , 0.1408594250679016 , 0.14008456468582153 , 0.1403825879096985 , 0.13954748213291168 , 0.1390499472618103 , 0.14164645969867706 , 0.13884574174880981 , 0.14192776381969452 , 0.14207148551940918 , 0.13964682817459106 , 0.14237964153289795 , 0.14451637864112854 , 0.14265818893909454 , 0.1443185806274414 , 0.14204923808574677 , 0.14444230496883392 , 0.14163821935653687 , 0.14514188468456268 , 0.1427980661392212 , 0.14326976239681244 , 0.1470322459936142 , 0.14372670650482178 , 0.1428825706243515 , 0.14367766678333282 , 0.14384083449840546
测试集损失3的平均值：0.13544233307242393
