训练集1的最大准确值：44.62788391113281,53.125,53.365386962890625,56.7434196472168,56.005435943603516,75.0,59.375,61.29032516479492,62.5,68.75,68.75,68.75,64.80978393554688,65.625,66.07142639160156,65.15202331542969,71.875,72.91667175292969,66.83238983154297,70.9375,81.25,67.138671875,68.9700698852539,71.875,81.25,70.5078125,75.0,71.5625,78.125,76.5625,75.0,72.82608795166016,76.78571319580078,76.04167175292969,71.35417175292969,75.0,74.375,73.01868438720703,73.125,76.5625,78.125,74.0625,72.88223266601562,74.25458526611328,84.375,74.19241333007812,78.125,74.79166412353516,74.7242660522461,87.5
训练集准确率1的平均值：70.63730583190917

训练集1的最小损失：0.19868959486484528 , 0.18225844204425812 , 0.1750374287366867 , 0.16976654529571533 , 0.16473330557346344 , 0.1601993590593338 , 0.15621481835842133 , 0.15308314561843872 , 0.15043050050735474 , 0.1477339118719101 , 0.1452048271894455 , 0.1432676911354065 , 0.1413067728281021 , 0.1396254450082779 , 0.13744314014911652 , 0.13614307343959808 , 0.13464127480983734 , 0.13320624828338623 , 0.13179263472557068 , 0.13034780323505402 , 0.12950126826763153 , 0.12851108610630035 , 0.12741918861865997 , 0.1268356889486313 , 0.1256103515625 , 0.12465483695268631 , 0.12373492866754532 , 0.12324020266532898 , 0.12221306562423706 , 0.12145194411277771 , 0.12072374671697617 , 0.12021251767873764 , 0.11929546296596527 , 0.11848512291908264 , 0.11811861395835876 , 0.11805886030197144 , 0.11698540300130844 , 0.11698540300130844 , 0.1159939244389534 , 0.11559316515922546 , 0.11512070894241333 , 0.11502023786306381 , 0.11386886239051819 , 0.11374317854642868 , 0.11319687962532043 , 0.11269126832485199 , 0.11257493495941162 , 0.11216818541288376 , 0.11164344102144241 , 0.11105778813362122
训练集损失1的平均值：0.13191672459244727

测试集1的准确率：47.21464920043945 , 47.6821174621582 , 47.82820510864258 , 48.646278381347656 , 48.490455627441406 , 48.987144470214844 , 49.63965606689453 , 49.25983428955078 , 49.1916618347168 , 48.88975143432617 , 48.90923309326172 , 48.58784484863281 , 48.54888916015625 , 49.386444091796875 , 48.305416107177734 , 48.305416107177734 , 48.480716705322266 , 48.03272247314453 , 47.545772552490234 , 47.779510498046875 , 47.81846237182617 , 48.90923309326172 , 47.47760009765625 , 47.75028991699219 , 47.46786117553711 , 48.09115982055664 , 47.47760009765625 , 47.71133804321289 , 47.8087272644043 , 48.05220031738281 , 46.727699279785156 , 46.07518768310547 , 45.99727249145508 , 46.240745544433594 , 46.338138580322266 , 46.97117233276367 , 46.67900085449219 , 46.42578887939453 , 46.93221664428711 , 47.312034606933594 , 46.98091125488281 , 46.77639389038086 , 47.42890548706055 , 47.28282165527344 , 45.83171081542969 , 46.7861328125 , 46.717960357666016 , 46.53291702270508 , 46.27970504760742 , 46.5621337890625
测试集损失1的平均值：47.62310081481934

测试集1的损失：0.18786406517028809 , 0.1850578486919403 , 0.1842108964920044 , 0.18405726552009583 , 0.18439584970474243 , 0.18414606153964996 , 0.18539969623088837 , 0.1848808228969574 , 0.18575777113437653 , 0.1862572729587555 , 0.18676498532295227 , 0.1867685616016388 , 0.18823310732841492 , 0.18898245692253113 , 0.18804481625556946 , 0.18908517062664032 , 0.18886908888816833 , 0.189758762717247 , 0.18997006118297577 , 0.1905456781387329 , 0.18988557159900665 , 0.19096295535564423 , 0.19055742025375366 , 0.1902209222316742 , 0.19167502224445343 , 0.1904265582561493 , 0.1915854513645172 , 0.1912335604429245 , 0.19184280931949615 , 0.19242796301841736 , 0.19223496317863464 , 0.19314154982566833 , 0.19478879868984222 , 0.19283735752105713 , 0.19399288296699524 , 0.19305165112018585 , 0.19297969341278076 , 0.19370627403259277 , 0.19263672828674316 , 0.19269460439682007 , 0.19318652153015137 , 0.19361722469329834 , 0.19332362711429596 , 0.19361110031604767 , 0.19462014734745026 , 0.19378969073295593 , 0.19400514662265778 , 0.19334173202514648 , 0.19361209869384766 , 0.1943679004907608
测试集损失1的平均值：0.19038816332817077
